1	1	1	1000001
2	1	1000001	2000001
3	1	2000001	3000001
4	1	3000001	4000001
5	1	4000001	5000001
6	1	5000001	6000001
7	1	6000001	7000001
8	1	7000001	8000001
9	1	8000001	9000001
10	1	9000001	10000001
11	1	10000001	11000001
12	1	11000001	12000001
13	1	12000001	13000001
14	1	13000001	14000001
15	1	14000001	15000001
16	1	15000001	16000001
17	1	16000001	17000001
18	1	17000001	18000001
19	1	18000001	19000001
20	1	19000001	20000001
21	1	20000001	21000001
22	1	21000001	22000001
23	1	22000001	23000001
24	1	23000001	24000001
25	1	24000001	25000001
26	1	25000001	26000001
27	1	26000001	27000001
28	1	27000001	28000001
29	1	28000001	29000001
30	1	29000001	30000001
31	1	30000001	31000001
32	1	31000001	32000001
33	1	32000001	33000001
34	1	33000001	34000001
35	1	34000001	35000001
36	1	35000001	36000001
37	1	36000001	37000001
38	1	37000001	38000001
39	1	38000001	39000001
40	1	39000001	40000001
41	1	40000001	41000001
42	1	41000001	42000001
43	1	42000001	43000001
44	1	43000001	44000001
45	1	44000001	45000001
46	1	45000001	46000001
47	1	46000001	47000001
48	1	47000001	48000001
49	1	48000001	49000001
50	1	49000001	50000001
51	1	50000001	51000001
52	1	51000001	52000001
53	1	52000001	53000001
54	1	53000001	54000001
55	1	54000001	55000001
56	1	55000001	56000001
57	1	56000001	57000001
58	1	57000001	58000001
59	1	58000001	59000001
60	1	59000001	60000001
61	1	60000001	61000001
62	1	61000001	62000001
63	1	62000001	63000001
64	1	63000001	64000001
65	1	64000001	65000001
66	1	65000001	66000001
67	1	66000001	67000001
68	1	67000001	68000001
69	1	68000001	69000001
70	1	69000001	70000001
71	1	70000001	71000001
72	1	71000001	72000001
73	1	72000001	73000001
74	1	73000001	74000001
75	1	74000001	75000001
76	1	75000001	76000001
77	1	76000001	77000001
78	1	77000001	78000001
79	1	78000001	79000001
80	1	79000001	80000001
81	1	80000001	81000001
82	1	81000001	82000001
83	1	82000001	83000001
84	1	83000001	84000001
85	1	84000001	85000001
86	1	85000001	86000001
87	1	86000001	87000001
88	1	87000001	88000001
89	1	88000001	89000001
90	1	89000001	90000001
91	1	90000001	91000001
92	1	91000001	92000001
93	1	92000001	93000001
94	1	93000001	94000001
95	1	94000001	95000001
96	1	95000001	96000001
97	1	96000001	97000001
98	1	97000001	98000001
99	1	98000001	99000001
100	1	99000001	100000001
101	1	100000001	101000001
102	1	101000001	102000001
103	1	102000001	103000001
104	1	103000001	104000001
105	1	104000001	105000001
106	1	105000001	106000001
107	1	106000001	107000001
108	1	107000001	108000001
109	1	108000001	109000001
110	1	109000001	110000001
111	1	110000001	111000001
112	1	111000001	112000001
113	1	112000001	113000001
114	1	113000001	114000001
115	1	114000001	115000001
116	1	115000001	116000001
117	1	116000001	117000001
118	1	117000001	118000001
119	1	118000001	119000001
120	1	119000001	120000001
121	1	120000001	121000001
122	1	121000001	122000001
123	1	122000001	123000001
124	1	123000001	124000001
125	1	124000001	125000001
126	1	125000001	126000001
127	1	126000001	127000001
128	1	127000001	128000001
129	1	128000001	129000001
130	1	129000001	130000001
131	1	130000001	131000001
132	1	131000001	132000001
133	1	132000001	133000001
134	1	133000001	134000001
135	1	134000001	135000001
136	1	135000001	136000001
137	1	136000001	137000001
138	1	137000001	138000001
139	1	138000001	139000001
140	1	139000001	140000001
141	1	140000001	141000001
142	1	141000001	142000001
143	1	142000001	143000001
144	1	143000001	144000001
145	1	144000001	145000001
146	1	145000001	146000001
147	1	146000001	147000001
148	1	147000001	148000001
149	1	148000001	149000001
150	1	149000001	150000001
151	1	150000001	151000001
152	1	151000001	152000001
153	1	152000001	153000001
154	1	153000001	154000001
155	1	154000001	155000001
156	1	155000001	156000001
157	1	156000001	157000001
158	1	157000001	158000001
159	1	158000001	159000001
160	1	159000001	160000001
161	1	160000001	161000001
162	1	161000001	162000001
163	1	162000001	163000001
164	1	163000001	164000001
165	1	164000001	165000001
166	1	165000001	166000001
167	1	166000001	167000001
168	1	167000001	168000001
169	1	168000001	169000001
170	1	169000001	170000001
171	1	170000001	171000001
172	1	171000001	172000001
173	1	172000001	173000001
174	1	173000001	174000001
175	1	174000001	175000001
176	1	175000001	176000001
177	1	176000001	177000001
178	1	177000001	178000001
179	1	178000001	179000001
180	1	179000001	180000001
181	1	180000001	181000001
182	1	181000001	182000001
183	1	182000001	183000001
184	1	183000001	184000001
185	1	184000001	185000001
186	1	185000001	186000001
187	1	186000001	187000001
188	1	187000001	188000001
189	1	188000001	189000001
190	1	189000001	190000001
191	1	190000001	191000001
192	1	191000001	192000001
193	1	192000001	193000001
194	1	193000001	194000001
195	1	194000001	195000001
196	1	195000001	196000001
197	1	196000001	197000001
198	1	197000001	198000001
199	1	198000001	199000001
200	1	199000001	200000001
201	1	200000001	201000001
202	1	201000001	202000001
203	1	202000001	203000001
204	1	203000001	204000001
205	1	204000001	205000001
206	1	205000001	206000001
207	1	206000001	207000001
208	1	207000001	208000001
209	1	208000001	209000001
210	1	209000001	210000001
211	1	210000001	211000001
212	1	211000001	212000001
213	1	212000001	213000001
214	1	213000001	214000001
215	1	214000001	215000001
216	1	215000001	216000001
217	1	216000001	217000001
218	1	217000001	218000001
219	1	218000001	219000001
220	1	219000001	220000001
221	1	220000001	221000001
222	1	221000001	222000001
223	1	222000001	223000001
224	1	223000001	224000001
225	1	224000001	225000001
226	1	225000001	226000001
227	1	226000001	227000001
228	1	227000001	228000001
229	1	228000001	229000001
230	1	229000001	230000001
231	1	230000001	231000001
232	1	231000001	232000001
233	1	232000001	233000001
234	1	233000001	234000001
235	1	234000001	235000001
236	1	235000001	236000001
237	1	236000001	237000001
238	1	237000001	238000001
239	1	238000001	239000001
240	1	239000001	240000001
241	1	240000001	241000001
242	1	241000001	242000001
243	1	242000001	243000001
244	1	243000001	244000001
245	1	244000001	245000001
246	1	245000001	246000001
247	1	246000001	247000001
248	1	247000001	248000001
249	1	248000001	249000001
250	1	249000001	245000001
251	1	245000001	246000001
252	1	246000001	247000001
253	1	247000001	248000001
254	1	248000001	249000001
255	1	249000001	250000001
256	2	1	1000001
257	2	1000001	2000001
258	2	2000001	3000001
259	2	3000001	4000001
260	2	4000001	5000001
261	2	5000001	6000001
262	2	6000001	7000001
263	2	7000001	8000001
264	2	8000001	9000001
265	2	9000001	10000001
266	2	10000001	11000001
267	2	11000001	12000001
268	2	12000001	13000001
269	2	13000001	14000001
270	2	14000001	15000001
271	2	15000001	16000001
272	2	16000001	17000001
273	2	17000001	18000001
274	2	18000001	19000001
275	2	19000001	20000001
276	2	20000001	21000001
277	2	21000001	22000001
278	2	22000001	23000001
279	2	23000001	24000001
280	2	24000001	25000001
281	2	25000001	26000001
282	2	26000001	27000001
283	2	27000001	28000001
284	2	28000001	29000001
285	2	29000001	30000001
286	2	30000001	31000001
287	2	31000001	32000001
288	2	32000001	33000001
289	2	33000001	34000001
290	2	34000001	35000001
291	2	35000001	36000001
292	2	36000001	37000001
293	2	37000001	38000001
294	2	38000001	39000001
295	2	39000001	40000001
296	2	40000001	41000001
297	2	41000001	42000001
298	2	42000001	43000001
299	2	43000001	44000001
300	2	44000001	45000001
301	2	45000001	46000001
302	2	46000001	47000001
303	2	47000001	48000001
304	2	48000001	49000001
305	2	49000001	50000001
306	2	50000001	51000001
307	2	51000001	52000001
308	2	52000001	53000001
309	2	53000001	54000001
310	2	54000001	55000001
311	2	55000001	56000001
312	2	56000001	57000001
313	2	57000001	58000001
314	2	58000001	59000001
315	2	59000001	60000001
316	2	60000001	61000001
317	2	61000001	62000001
318	2	62000001	63000001
319	2	63000001	64000001
320	2	64000001	65000001
321	2	65000001	66000001
322	2	66000001	67000001
323	2	67000001	68000001
324	2	68000001	69000001
325	2	69000001	70000001
326	2	70000001	71000001
327	2	71000001	72000001
328	2	72000001	73000001
329	2	73000001	74000001
330	2	74000001	75000001
331	2	75000001	76000001
332	2	76000001	77000001
333	2	77000001	78000001
334	2	78000001	79000001
335	2	79000001	80000001
336	2	80000001	81000001
337	2	81000001	82000001
338	2	82000001	83000001
339	2	83000001	84000001
340	2	84000001	85000001
341	2	85000001	86000001
342	2	86000001	87000001
343	2	87000001	88000001
344	2	88000001	89000001
345	2	89000001	90000001
346	2	90000001	91000001
347	2	91000001	92000001
348	2	92000001	93000001
349	2	93000001	94000001
350	2	94000001	95000001
351	2	95000001	96000001
352	2	96000001	97000001
353	2	97000001	98000001
354	2	98000001	99000001
355	2	99000001	100000001
356	2	100000001	101000001
357	2	101000001	102000001
358	2	102000001	103000001
359	2	103000001	104000001
360	2	104000001	105000001
361	2	105000001	106000001
362	2	106000001	107000001
363	2	107000001	108000001
364	2	108000001	109000001
365	2	109000001	110000001
366	2	110000001	111000001
367	2	111000001	112000001
368	2	112000001	113000001
369	2	113000001	114000001
370	2	114000001	115000001
371	2	115000001	116000001
372	2	116000001	117000001
373	2	117000001	118000001
374	2	118000001	119000001
375	2	119000001	120000001
376	2	120000001	121000001
377	2	121000001	122000001
378	2	122000001	123000001
379	2	123000001	124000001
380	2	124000001	125000001
381	2	125000001	126000001
382	2	126000001	127000001
383	2	127000001	128000001
384	2	128000001	129000001
385	2	129000001	130000001
386	2	130000001	131000001
387	2	131000001	132000001
388	2	132000001	133000001
389	2	133000001	134000001
390	2	134000001	135000001
391	2	135000001	136000001
392	2	136000001	137000001
393	2	137000001	138000001
394	2	138000001	139000001
395	2	139000001	140000001
396	2	140000001	141000001
397	2	141000001	142000001
398	2	142000001	143000001
399	2	143000001	144000001
400	2	144000001	145000001
401	2	145000001	146000001
402	2	146000001	147000001
403	2	147000001	148000001
404	2	148000001	149000001
405	2	149000001	150000001
406	2	150000001	151000001
407	2	151000001	152000001
408	2	152000001	153000001
409	2	153000001	154000001
410	2	154000001	155000001
411	2	155000001	156000001
412	2	156000001	157000001
413	2	157000001	158000001
414	2	158000001	159000001
415	2	159000001	160000001
416	2	160000001	161000001
417	2	161000001	162000001
418	2	162000001	163000001
419	2	163000001	164000001
420	2	164000001	165000001
421	2	165000001	166000001
422	2	166000001	167000001
423	2	167000001	168000001
424	2	168000001	169000001
425	2	169000001	170000001
426	2	170000001	171000001
427	2	171000001	172000001
428	2	172000001	173000001
429	2	173000001	174000001
430	2	174000001	175000001
431	2	175000001	176000001
432	2	176000001	177000001
433	2	177000001	178000001
434	2	178000001	179000001
435	2	179000001	180000001
436	2	180000001	181000001
437	2	181000001	182000001
438	2	182000001	183000001
439	2	183000001	184000001
440	2	184000001	185000001
441	2	185000001	186000001
442	2	186000001	187000001
443	2	187000001	188000001
444	2	188000001	189000001
445	2	189000001	190000001
446	2	190000001	191000001
447	2	191000001	192000001
448	2	192000001	193000001
449	2	193000001	194000001
450	2	194000001	195000001
451	2	195000001	196000001
452	2	196000001	197000001
453	2	197000001	198000001
454	2	198000001	199000001
455	2	199000001	200000001
456	2	200000001	201000001
457	2	201000001	202000001
458	2	202000001	203000001
459	2	203000001	204000001
460	2	204000001	205000001
461	2	205000001	206000001
462	2	206000001	207000001
463	2	207000001	208000001
464	2	208000001	209000001
465	2	209000001	210000001
466	2	210000001	211000001
467	2	211000001	212000001
468	2	212000001	213000001
469	2	213000001	214000001
470	2	214000001	215000001
471	2	215000001	216000001
472	2	216000001	217000001
473	2	217000001	218000001
474	2	218000001	219000001
475	2	219000001	220000001
476	2	220000001	221000001
477	2	221000001	222000001
478	2	222000001	223000001
479	2	223000001	224000001
480	2	224000001	225000001
481	2	225000001	226000001
482	2	226000001	227000001
483	2	227000001	228000001
484	2	228000001	229000001
485	2	229000001	230000001
486	2	230000001	231000001
487	2	231000001	232000001
488	2	232000001	233000001
489	2	233000001	234000001
490	2	234000001	235000001
491	2	235000001	236000001
492	2	236000001	237000001
493	2	237000001	238000001
494	2	238000001	239000001
495	2	239000001	240000001
496	2	240000001	241000001
497	2	241000001	242000001
498	2	242000001	243000001
499	2	243000001	239000001
500	2	239000001	240000001
501	2	240000001	241000001
502	2	241000001	242000001
503	2	242000001	243000001
504	2	243000001	244000001
505	3	1	1000001
506	3	1000001	2000001
507	3	2000001	3000001
508	3	3000001	4000001
509	3	4000001	5000001
510	3	5000001	6000001
511	3	6000001	7000001
512	3	7000001	8000001
513	3	8000001	9000001
514	3	9000001	10000001
515	3	10000001	11000001
516	3	11000001	12000001
517	3	12000001	13000001
518	3	13000001	14000001
519	3	14000001	15000001
520	3	15000001	16000001
521	3	16000001	17000001
522	3	17000001	18000001
523	3	18000001	19000001
524	3	19000001	20000001
525	3	20000001	21000001
526	3	21000001	22000001
527	3	22000001	23000001
528	3	23000001	24000001
529	3	24000001	25000001
530	3	25000001	26000001
531	3	26000001	27000001
532	3	27000001	28000001
533	3	28000001	29000001
534	3	29000001	30000001
535	3	30000001	31000001
536	3	31000001	32000001
537	3	32000001	33000001
538	3	33000001	34000001
539	3	34000001	35000001
540	3	35000001	36000001
541	3	36000001	37000001
542	3	37000001	38000001
543	3	38000001	39000001
544	3	39000001	40000001
545	3	40000001	41000001
546	3	41000001	42000001
547	3	42000001	43000001
548	3	43000001	44000001
549	3	44000001	45000001
550	3	45000001	46000001
551	3	46000001	47000001
552	3	47000001	48000001
553	3	48000001	49000001
554	3	49000001	50000001
555	3	50000001	51000001
556	3	51000001	52000001
557	3	52000001	53000001
558	3	53000001	54000001
559	3	54000001	55000001
560	3	55000001	56000001
561	3	56000001	57000001
562	3	57000001	58000001
563	3	58000001	59000001
564	3	59000001	60000001
565	3	60000001	61000001
566	3	61000001	62000001
567	3	62000001	63000001
568	3	63000001	64000001
569	3	64000001	65000001
570	3	65000001	66000001
571	3	66000001	67000001
572	3	67000001	68000001
573	3	68000001	69000001
574	3	69000001	70000001
575	3	70000001	71000001
576	3	71000001	72000001
577	3	72000001	73000001
578	3	73000001	74000001
579	3	74000001	75000001
580	3	75000001	76000001
581	3	76000001	77000001
582	3	77000001	78000001
583	3	78000001	79000001
584	3	79000001	80000001
585	3	80000001	81000001
586	3	81000001	82000001
587	3	82000001	83000001
588	3	83000001	84000001
589	3	84000001	85000001
590	3	85000001	86000001
591	3	86000001	87000001
592	3	87000001	88000001
593	3	88000001	89000001
594	3	89000001	90000001
595	3	90000001	91000001
596	3	91000001	92000001
597	3	92000001	93000001
598	3	93000001	94000001
599	3	94000001	95000001
600	3	95000001	96000001
601	3	96000001	97000001
602	3	97000001	98000001
603	3	98000001	99000001
604	3	99000001	100000001
605	3	100000001	101000001
606	3	101000001	102000001
607	3	102000001	103000001
608	3	103000001	104000001
609	3	104000001	105000001
610	3	105000001	106000001
611	3	106000001	107000001
612	3	107000001	108000001
613	3	108000001	109000001
614	3	109000001	110000001
615	3	110000001	111000001
616	3	111000001	112000001
617	3	112000001	113000001
618	3	113000001	114000001
619	3	114000001	115000001
620	3	115000001	116000001
621	3	116000001	117000001
622	3	117000001	118000001
623	3	118000001	119000001
624	3	119000001	120000001
625	3	120000001	121000001
626	3	121000001	122000001
627	3	122000001	123000001
628	3	123000001	124000001
629	3	124000001	125000001
630	3	125000001	126000001
631	3	126000001	127000001
632	3	127000001	128000001
633	3	128000001	129000001
634	3	129000001	130000001
635	3	130000001	131000001
636	3	131000001	132000001
637	3	132000001	133000001
638	3	133000001	134000001
639	3	134000001	135000001
640	3	135000001	136000001
641	3	136000001	137000001
642	3	137000001	138000001
643	3	138000001	139000001
644	3	139000001	140000001
645	3	140000001	141000001
646	3	141000001	142000001
647	3	142000001	143000001
648	3	143000001	144000001
649	3	144000001	145000001
650	3	145000001	146000001
651	3	146000001	147000001
652	3	147000001	148000001
653	3	148000001	149000001
654	3	149000001	150000001
655	3	150000001	151000001
656	3	151000001	152000001
657	3	152000001	153000001
658	3	153000001	154000001
659	3	154000001	155000001
660	3	155000001	156000001
661	3	156000001	157000001
662	3	157000001	158000001
663	3	158000001	159000001
664	3	159000001	160000001
665	3	160000001	161000001
666	3	161000001	162000001
667	3	162000001	163000001
668	3	163000001	164000001
669	3	164000001	165000001
670	3	165000001	166000001
671	3	166000001	167000001
672	3	167000001	168000001
673	3	168000001	169000001
674	3	169000001	170000001
675	3	170000001	171000001
676	3	171000001	172000001
677	3	172000001	173000001
678	3	173000001	174000001
679	3	174000001	175000001
680	3	175000001	176000001
681	3	176000001	177000001
682	3	177000001	178000001
683	3	178000001	179000001
684	3	179000001	180000001
685	3	180000001	181000001
686	3	181000001	182000001
687	3	182000001	183000001
688	3	183000001	184000001
689	3	184000001	185000001
690	3	185000001	186000001
691	3	186000001	187000001
692	3	187000001	188000001
693	3	188000001	189000001
694	3	189000001	190000001
695	3	190000001	191000001
696	3	191000001	192000001
697	3	192000001	193000001
698	3	193000001	194000001
699	3	194000001	195000001
700	3	195000001	196000001
701	3	196000001	197000001
702	3	197000001	198000001
703	3	198000001	194000001
704	3	194000001	195000001
705	3	195000001	196000001
706	3	196000001	197000001
707	3	197000001	198000001
708	3	198000001	199000001
709	4	1	1000001
710	4	1000001	2000001
711	4	2000001	3000001
712	4	3000001	4000001
713	4	4000001	5000001
714	4	5000001	6000001
715	4	6000001	7000001
716	4	7000001	8000001
717	4	8000001	9000001
718	4	9000001	10000001
719	4	10000001	11000001
720	4	11000001	12000001
721	4	12000001	13000001
722	4	13000001	14000001
723	4	14000001	15000001
724	4	15000001	16000001
725	4	16000001	17000001
726	4	17000001	18000001
727	4	18000001	19000001
728	4	19000001	20000001
729	4	20000001	21000001
730	4	21000001	22000001
731	4	22000001	23000001
732	4	23000001	24000001
733	4	24000001	25000001
734	4	25000001	26000001
735	4	26000001	27000001
736	4	27000001	28000001
737	4	28000001	29000001
738	4	29000001	30000001
739	4	30000001	31000001
740	4	31000001	32000001
741	4	32000001	33000001
742	4	33000001	34000001
743	4	34000001	35000001
744	4	35000001	36000001
745	4	36000001	37000001
746	4	37000001	38000001
747	4	38000001	39000001
748	4	39000001	40000001
749	4	40000001	41000001
750	4	41000001	42000001
751	4	42000001	43000001
752	4	43000001	44000001
753	4	44000001	45000001
754	4	45000001	46000001
755	4	46000001	47000001
756	4	47000001	48000001
757	4	48000001	49000001
758	4	49000001	50000001
759	4	50000001	51000001
760	4	51000001	52000001
761	4	52000001	53000001
762	4	53000001	54000001
763	4	54000001	55000001
764	4	55000001	56000001
765	4	56000001	57000001
766	4	57000001	58000001
767	4	58000001	59000001
768	4	59000001	60000001
769	4	60000001	61000001
770	4	61000001	62000001
771	4	62000001	63000001
772	4	63000001	64000001
773	4	64000001	65000001
774	4	65000001	66000001
775	4	66000001	67000001
776	4	67000001	68000001
777	4	68000001	69000001
778	4	69000001	70000001
779	4	70000001	71000001
780	4	71000001	72000001
781	4	72000001	73000001
782	4	73000001	74000001
783	4	74000001	75000001
784	4	75000001	76000001
785	4	76000001	77000001
786	4	77000001	78000001
787	4	78000001	79000001
788	4	79000001	80000001
789	4	80000001	81000001
790	4	81000001	82000001
791	4	82000001	83000001
792	4	83000001	84000001
793	4	84000001	85000001
794	4	85000001	86000001
795	4	86000001	87000001
796	4	87000001	88000001
797	4	88000001	89000001
798	4	89000001	90000001
799	4	90000001	91000001
800	4	91000001	92000001
801	4	92000001	93000001
802	4	93000001	94000001
803	4	94000001	95000001
804	4	95000001	96000001
805	4	96000001	97000001
806	4	97000001	98000001
807	4	98000001	99000001
808	4	99000001	100000001
809	4	100000001	101000001
810	4	101000001	102000001
811	4	102000001	103000001
812	4	103000001	104000001
813	4	104000001	105000001
814	4	105000001	106000001
815	4	106000001	107000001
816	4	107000001	108000001
817	4	108000001	109000001
818	4	109000001	110000001
819	4	110000001	111000001
820	4	111000001	112000001
821	4	112000001	113000001
822	4	113000001	114000001
823	4	114000001	115000001
824	4	115000001	116000001
825	4	116000001	117000001
826	4	117000001	118000001
827	4	118000001	119000001
828	4	119000001	120000001
829	4	120000001	121000001
830	4	121000001	122000001
831	4	122000001	123000001
832	4	123000001	124000001
833	4	124000001	125000001
834	4	125000001	126000001
835	4	126000001	127000001
836	4	127000001	128000001
837	4	128000001	129000001
838	4	129000001	130000001
839	4	130000001	131000001
840	4	131000001	132000001
841	4	132000001	133000001
842	4	133000001	134000001
843	4	134000001	135000001
844	4	135000001	136000001
845	4	136000001	137000001
846	4	137000001	138000001
847	4	138000001	139000001
848	4	139000001	140000001
849	4	140000001	141000001
850	4	141000001	142000001
851	4	142000001	143000001
852	4	143000001	144000001
853	4	144000001	145000001
854	4	145000001	146000001
855	4	146000001	147000001
856	4	147000001	148000001
857	4	148000001	149000001
858	4	149000001	150000001
859	4	150000001	151000001
860	4	151000001	152000001
861	4	152000001	153000001
862	4	153000001	154000001
863	4	154000001	155000001
864	4	155000001	156000001
865	4	156000001	157000001
866	4	157000001	158000001
867	4	158000001	159000001
868	4	159000001	160000001
869	4	160000001	161000001
870	4	161000001	162000001
871	4	162000001	163000001
872	4	163000001	164000001
873	4	164000001	165000001
874	4	165000001	166000001
875	4	166000001	167000001
876	4	167000001	168000001
877	4	168000001	169000001
878	4	169000001	170000001
879	4	170000001	171000001
880	4	171000001	172000001
881	4	172000001	173000001
882	4	173000001	174000001
883	4	174000001	175000001
884	4	175000001	176000001
885	4	176000001	177000001
886	4	177000001	178000001
887	4	178000001	179000001
888	4	179000001	180000001
889	4	180000001	181000001
890	4	181000001	182000001
891	4	182000001	183000001
892	4	183000001	184000001
893	4	184000001	185000001
894	4	185000001	186000001
895	4	186000001	187000001
896	4	187000001	188000001
897	4	188000001	189000001
898	4	189000001	190000001
899	4	190000001	191000001
900	4	191000001	187000001
901	4	187000001	188000001
902	4	188000001	189000001
903	4	189000001	190000001
904	4	190000001	191000001
905	4	191000001	192000001
906	5	1	1000001
907	5	1000001	2000001
908	5	2000001	3000001
909	5	3000001	4000001
910	5	4000001	5000001
911	5	5000001	6000001
912	5	6000001	7000001
913	5	7000001	8000001
914	5	8000001	9000001
915	5	9000001	10000001
916	5	10000001	11000001
917	5	11000001	12000001
918	5	12000001	13000001
919	5	13000001	14000001
920	5	14000001	15000001
921	5	15000001	16000001
922	5	16000001	17000001
923	5	17000001	18000001
924	5	18000001	19000001
925	5	19000001	20000001
926	5	20000001	21000001
927	5	21000001	22000001
928	5	22000001	23000001
929	5	23000001	24000001
930	5	24000001	25000001
931	5	25000001	26000001
932	5	26000001	27000001
933	5	27000001	28000001
934	5	28000001	29000001
935	5	29000001	30000001
936	5	30000001	31000001
937	5	31000001	32000001
938	5	32000001	33000001
939	5	33000001	34000001
940	5	34000001	35000001
941	5	35000001	36000001
942	5	36000001	37000001
943	5	37000001	38000001
944	5	38000001	39000001
945	5	39000001	40000001
946	5	40000001	41000001
947	5	41000001	42000001
948	5	42000001	43000001
949	5	43000001	44000001
950	5	44000001	45000001
951	5	45000001	46000001
952	5	46000001	47000001
953	5	47000001	48000001
954	5	48000001	49000001
955	5	49000001	50000001
956	5	50000001	51000001
957	5	51000001	52000001
958	5	52000001	53000001
959	5	53000001	54000001
960	5	54000001	55000001
961	5	55000001	56000001
962	5	56000001	57000001
963	5	57000001	58000001
964	5	58000001	59000001
965	5	59000001	60000001
966	5	60000001	61000001
967	5	61000001	62000001
968	5	62000001	63000001
969	5	63000001	64000001
970	5	64000001	65000001
971	5	65000001	66000001
972	5	66000001	67000001
973	5	67000001	68000001
974	5	68000001	69000001
975	5	69000001	70000001
976	5	70000001	71000001
977	5	71000001	72000001
978	5	72000001	73000001
979	5	73000001	74000001
980	5	74000001	75000001
981	5	75000001	76000001
982	5	76000001	77000001
983	5	77000001	78000001
984	5	78000001	79000001
985	5	79000001	80000001
986	5	80000001	81000001
987	5	81000001	82000001
988	5	82000001	83000001
989	5	83000001	84000001
990	5	84000001	85000001
991	5	85000001	86000001
992	5	86000001	87000001
993	5	87000001	88000001
994	5	88000001	89000001
995	5	89000001	90000001
996	5	90000001	91000001
997	5	91000001	92000001
998	5	92000001	93000001
999	5	93000001	94000001
1000	5	94000001	95000001
1001	5	95000001	96000001
1002	5	96000001	97000001
1003	5	97000001	98000001
1004	5	98000001	99000001
1005	5	99000001	100000001
1006	5	100000001	101000001
1007	5	101000001	102000001
1008	5	102000001	103000001
1009	5	103000001	104000001
1010	5	104000001	105000001
1011	5	105000001	106000001
1012	5	106000001	107000001
1013	5	107000001	108000001
1014	5	108000001	109000001
1015	5	109000001	110000001
1016	5	110000001	111000001
1017	5	111000001	112000001
1018	5	112000001	113000001
1019	5	113000001	114000001
1020	5	114000001	115000001
1021	5	115000001	116000001
1022	5	116000001	117000001
1023	5	117000001	118000001
1024	5	118000001	119000001
1025	5	119000001	120000001
1026	5	120000001	121000001
1027	5	121000001	122000001
1028	5	122000001	123000001
1029	5	123000001	124000001
1030	5	124000001	125000001
1031	5	125000001	126000001
1032	5	126000001	127000001
1033	5	127000001	128000001
1034	5	128000001	129000001
1035	5	129000001	130000001
1036	5	130000001	131000001
1037	5	131000001	132000001
1038	5	132000001	133000001
1039	5	133000001	134000001
1040	5	134000001	135000001
1041	5	135000001	136000001
1042	5	136000001	137000001
1043	5	137000001	138000001
1044	5	138000001	139000001
1045	5	139000001	140000001
1046	5	140000001	141000001
1047	5	141000001	142000001
1048	5	142000001	143000001
1049	5	143000001	144000001
1050	5	144000001	145000001
1051	5	145000001	146000001
1052	5	146000001	147000001
1053	5	147000001	148000001
1054	5	148000001	149000001
1055	5	149000001	150000001
1056	5	150000001	151000001
1057	5	151000001	152000001
1058	5	152000001	153000001
1059	5	153000001	154000001
1060	5	154000001	155000001
1061	5	155000001	156000001
1062	5	156000001	157000001
1063	5	157000001	158000001
1064	5	158000001	159000001
1065	5	159000001	160000001
1066	5	160000001	161000001
1067	5	161000001	162000001
1068	5	162000001	163000001
1069	5	163000001	164000001
1070	5	164000001	165000001
1071	5	165000001	166000001
1072	5	166000001	167000001
1073	5	167000001	168000001
1074	5	168000001	169000001
1075	5	169000001	170000001
1076	5	170000001	171000001
1077	5	171000001	172000001
1078	5	172000001	173000001
1079	5	173000001	174000001
1080	5	174000001	175000001
1081	5	175000001	176000001
1082	5	176000001	177000001
1083	5	177000001	178000001
1084	5	178000001	179000001
1085	5	179000001	180000001
1086	5	180000001	176000001
1087	5	176000001	177000001
1088	5	177000001	178000001
1089	5	178000001	179000001
1090	5	179000001	180000001
1091	5	180000001	181000001
1092	6	1	1000001
1093	6	1000001	2000001
1094	6	2000001	3000001
1095	6	3000001	4000001
1096	6	4000001	5000001
1097	6	5000001	6000001
1098	6	6000001	7000001
1099	6	7000001	8000001
1100	6	8000001	9000001
1101	6	9000001	10000001
1102	6	10000001	11000001
1103	6	11000001	12000001
1104	6	12000001	13000001
1105	6	13000001	14000001
1106	6	14000001	15000001
1107	6	15000001	16000001
1108	6	16000001	17000001
1109	6	17000001	18000001
1110	6	18000001	19000001
1111	6	19000001	20000001
1112	6	20000001	21000001
1113	6	21000001	22000001
1114	6	22000001	23000001
1115	6	23000001	24000001
1116	6	24000001	25000001
1117	6	25000001	26000001
1118	6	26000001	27000001
1119	6	27000001	28000001
1120	6	28000001	29000001
1121	6	29000001	30000001
1122	6	30000001	31000001
1123	6	31000001	32000001
1124	6	32000001	33000001
1125	6	33000001	34000001
1126	6	34000001	35000001
1127	6	35000001	36000001
1128	6	36000001	37000001
1129	6	37000001	38000001
1130	6	38000001	39000001
1131	6	39000001	40000001
1132	6	40000001	41000001
1133	6	41000001	42000001
1134	6	42000001	43000001
1135	6	43000001	44000001
1136	6	44000001	45000001
1137	6	45000001	46000001
1138	6	46000001	47000001
1139	6	47000001	48000001
1140	6	48000001	49000001
1141	6	49000001	50000001
1142	6	50000001	51000001
1143	6	51000001	52000001
1144	6	52000001	53000001
1145	6	53000001	54000001
1146	6	54000001	55000001
1147	6	55000001	56000001
1148	6	56000001	57000001
1149	6	57000001	58000001
1150	6	58000001	59000001
1151	6	59000001	60000001
1152	6	60000001	61000001
1153	6	61000001	62000001
1154	6	62000001	63000001
1155	6	63000001	64000001
1156	6	64000001	65000001
1157	6	65000001	66000001
1158	6	66000001	67000001
1159	6	67000001	68000001
1160	6	68000001	69000001
1161	6	69000001	70000001
1162	6	70000001	71000001
1163	6	71000001	72000001
1164	6	72000001	73000001
1165	6	73000001	74000001
1166	6	74000001	75000001
1167	6	75000001	76000001
1168	6	76000001	77000001
1169	6	77000001	78000001
1170	6	78000001	79000001
1171	6	79000001	80000001
1172	6	80000001	81000001
1173	6	81000001	82000001
1174	6	82000001	83000001
1175	6	83000001	84000001
1176	6	84000001	85000001
1177	6	85000001	86000001
1178	6	86000001	87000001
1179	6	87000001	88000001
1180	6	88000001	89000001
1181	6	89000001	90000001
1182	6	90000001	91000001
1183	6	91000001	92000001
1184	6	92000001	93000001
1185	6	93000001	94000001
1186	6	94000001	95000001
1187	6	95000001	96000001
1188	6	96000001	97000001
1189	6	97000001	98000001
1190	6	98000001	99000001
1191	6	99000001	100000001
1192	6	100000001	101000001
1193	6	101000001	102000001
1194	6	102000001	103000001
1195	6	103000001	104000001
1196	6	104000001	105000001
1197	6	105000001	106000001
1198	6	106000001	107000001
1199	6	107000001	108000001
1200	6	108000001	109000001
1201	6	109000001	110000001
1202	6	110000001	111000001
1203	6	111000001	112000001
1204	6	112000001	113000001
1205	6	113000001	114000001
1206	6	114000001	115000001
1207	6	115000001	116000001
1208	6	116000001	117000001
1209	6	117000001	118000001
1210	6	118000001	119000001
1211	6	119000001	120000001
1212	6	120000001	121000001
1213	6	121000001	122000001
1214	6	122000001	123000001
1215	6	123000001	124000001
1216	6	124000001	125000001
1217	6	125000001	126000001
1218	6	126000001	127000001
1219	6	127000001	128000001
1220	6	128000001	129000001
1221	6	129000001	130000001
1222	6	130000001	131000001
1223	6	131000001	132000001
1224	6	132000001	133000001
1225	6	133000001	134000001
1226	6	134000001	135000001
1227	6	135000001	136000001
1228	6	136000001	137000001
1229	6	137000001	138000001
1230	6	138000001	139000001
1231	6	139000001	140000001
1232	6	140000001	141000001
1233	6	141000001	142000001
1234	6	142000001	143000001
1235	6	143000001	144000001
1236	6	144000001	145000001
1237	6	145000001	146000001
1238	6	146000001	147000001
1239	6	147000001	148000001
1240	6	148000001	149000001
1241	6	149000001	150000001
1242	6	150000001	151000001
1243	6	151000001	152000001
1244	6	152000001	153000001
1245	6	153000001	154000001
1246	6	154000001	155000001
1247	6	155000001	156000001
1248	6	156000001	157000001
1249	6	157000001	158000001
1250	6	158000001	159000001
1251	6	159000001	160000001
1252	6	160000001	161000001
1253	6	161000001	162000001
1254	6	162000001	163000001
1255	6	163000001	164000001
1256	6	164000001	165000001
1257	6	165000001	166000001
1258	6	166000001	167000001
1259	6	167000001	168000001
1260	6	168000001	169000001
1261	6	169000001	170000001
1262	6	170000001	171000001
1263	6	171000001	167000001
1264	6	167000001	168000001
1265	6	168000001	169000001
1266	6	169000001	170000001
1267	6	170000001	171000001
1268	6	171000001	172000001
1269	7	1	1000001
1270	7	1000001	2000001
1271	7	2000001	3000001
1272	7	3000001	4000001
1273	7	4000001	5000001
1274	7	5000001	6000001
1275	7	6000001	7000001
1276	7	7000001	8000001
1277	7	8000001	9000001
1278	7	9000001	10000001
1279	7	10000001	11000001
1280	7	11000001	12000001
1281	7	12000001	13000001
1282	7	13000001	14000001
1283	7	14000001	15000001
1284	7	15000001	16000001
1285	7	16000001	17000001
1286	7	17000001	18000001
1287	7	18000001	19000001
1288	7	19000001	20000001
1289	7	20000001	21000001
1290	7	21000001	22000001
1291	7	22000001	23000001
1292	7	23000001	24000001
1293	7	24000001	25000001
1294	7	25000001	26000001
1295	7	26000001	27000001
1296	7	27000001	28000001
1297	7	28000001	29000001
1298	7	29000001	30000001
1299	7	30000001	31000001
1300	7	31000001	32000001
1301	7	32000001	33000001
1302	7	33000001	34000001
1303	7	34000001	35000001
1304	7	35000001	36000001
1305	7	36000001	37000001
1306	7	37000001	38000001
1307	7	38000001	39000001
1308	7	39000001	40000001
1309	7	40000001	41000001
1310	7	41000001	42000001
1311	7	42000001	43000001
1312	7	43000001	44000001
1313	7	44000001	45000001
1314	7	45000001	46000001
1315	7	46000001	47000001
1316	7	47000001	48000001
1317	7	48000001	49000001
1318	7	49000001	50000001
1319	7	50000001	51000001
1320	7	51000001	52000001
1321	7	52000001	53000001
1322	7	53000001	54000001
1323	7	54000001	55000001
1324	7	55000001	56000001
1325	7	56000001	57000001
1326	7	57000001	58000001
1327	7	58000001	59000001
1328	7	59000001	60000001
1329	7	60000001	61000001
1330	7	61000001	62000001
1331	7	62000001	63000001
1332	7	63000001	64000001
1333	7	64000001	65000001
1334	7	65000001	66000001
1335	7	66000001	67000001
1336	7	67000001	68000001
1337	7	68000001	69000001
1338	7	69000001	70000001
1339	7	70000001	71000001
1340	7	71000001	72000001
1341	7	72000001	73000001
1342	7	73000001	74000001
1343	7	74000001	75000001
1344	7	75000001	76000001
1345	7	76000001	77000001
1346	7	77000001	78000001
1347	7	78000001	79000001
1348	7	79000001	80000001
1349	7	80000001	81000001
1350	7	81000001	82000001
1351	7	82000001	83000001
1352	7	83000001	84000001
1353	7	84000001	85000001
1354	7	85000001	86000001
1355	7	86000001	87000001
1356	7	87000001	88000001
1357	7	88000001	89000001
1358	7	89000001	90000001
1359	7	90000001	91000001
1360	7	91000001	92000001
1361	7	92000001	93000001
1362	7	93000001	94000001
1363	7	94000001	95000001
1364	7	95000001	96000001
1365	7	96000001	97000001
1366	7	97000001	98000001
1367	7	98000001	99000001
1368	7	99000001	100000001
1369	7	100000001	101000001
1370	7	101000001	102000001
1371	7	102000001	103000001
1372	7	103000001	104000001
1373	7	104000001	105000001
1374	7	105000001	106000001
1375	7	106000001	107000001
1376	7	107000001	108000001
1377	7	108000001	109000001
1378	7	109000001	110000001
1379	7	110000001	111000001
1380	7	111000001	112000001
1381	7	112000001	113000001
1382	7	113000001	114000001
1383	7	114000001	115000001
1384	7	115000001	116000001
1385	7	116000001	117000001
1386	7	117000001	118000001
1387	7	118000001	119000001
1388	7	119000001	120000001
1389	7	120000001	121000001
1390	7	121000001	122000001
1391	7	122000001	123000001
1392	7	123000001	124000001
1393	7	124000001	125000001
1394	7	125000001	126000001
1395	7	126000001	127000001
1396	7	127000001	128000001
1397	7	128000001	129000001
1398	7	129000001	130000001
1399	7	130000001	131000001
1400	7	131000001	132000001
1401	7	132000001	133000001
1402	7	133000001	134000001
1403	7	134000001	135000001
1404	7	135000001	136000001
1405	7	136000001	137000001
1406	7	137000001	138000001
1407	7	138000001	139000001
1408	7	139000001	140000001
1409	7	140000001	141000001
1410	7	141000001	142000001
1411	7	142000001	143000001
1412	7	143000001	144000001
1413	7	144000001	145000001
1414	7	145000001	146000001
1415	7	146000001	147000001
1416	7	147000001	148000001
1417	7	148000001	149000001
1418	7	149000001	150000001
1419	7	150000001	151000001
1420	7	151000001	152000001
1421	7	152000001	153000001
1422	7	153000001	154000001
1423	7	154000001	155000001
1424	7	155000001	156000001
1425	7	156000001	157000001
1426	7	157000001	158000001
1427	7	158000001	159000001
1428	7	159000001	155000001
1429	7	155000001	156000001
1430	7	156000001	157000001
1431	7	157000001	158000001
1432	7	158000001	159000001
1433	7	159000001	160000001
1434	8	1	1000001
1435	8	1000001	2000001
1436	8	2000001	3000001
1437	8	3000001	4000001
1438	8	4000001	5000001
1439	8	5000001	6000001
1440	8	6000001	7000001
1441	8	7000001	8000001
1442	8	8000001	9000001
1443	8	9000001	10000001
1444	8	10000001	11000001
1445	8	11000001	12000001
1446	8	12000001	13000001
1447	8	13000001	14000001
1448	8	14000001	15000001
1449	8	15000001	16000001
1450	8	16000001	17000001
1451	8	17000001	18000001
1452	8	18000001	19000001
1453	8	19000001	20000001
1454	8	20000001	21000001
1455	8	21000001	22000001
1456	8	22000001	23000001
1457	8	23000001	24000001
1458	8	24000001	25000001
1459	8	25000001	26000001
1460	8	26000001	27000001
1461	8	27000001	28000001
1462	8	28000001	29000001
1463	8	29000001	30000001
1464	8	30000001	31000001
1465	8	31000001	32000001
1466	8	32000001	33000001
1467	8	33000001	34000001
1468	8	34000001	35000001
1469	8	35000001	36000001
1470	8	36000001	37000001
1471	8	37000001	38000001
1472	8	38000001	39000001
1473	8	39000001	40000001
1474	8	40000001	41000001
1475	8	41000001	42000001
1476	8	42000001	43000001
1477	8	43000001	44000001
1478	8	44000001	45000001
1479	8	45000001	46000001
1480	8	46000001	47000001
1481	8	47000001	48000001
1482	8	48000001	49000001
1483	8	49000001	50000001
1484	8	50000001	51000001
1485	8	51000001	52000001
1486	8	52000001	53000001
1487	8	53000001	54000001
1488	8	54000001	55000001
1489	8	55000001	56000001
1490	8	56000001	57000001
1491	8	57000001	58000001
1492	8	58000001	59000001
1493	8	59000001	60000001
1494	8	60000001	61000001
1495	8	61000001	62000001
1496	8	62000001	63000001
1497	8	63000001	64000001
1498	8	64000001	65000001
1499	8	65000001	66000001
1500	8	66000001	67000001
1501	8	67000001	68000001
1502	8	68000001	69000001
1503	8	69000001	70000001
1504	8	70000001	71000001
1505	8	71000001	72000001
1506	8	72000001	73000001
1507	8	73000001	74000001
1508	8	74000001	75000001
1509	8	75000001	76000001
1510	8	76000001	77000001
1511	8	77000001	78000001
1512	8	78000001	79000001
1513	8	79000001	80000001
1514	8	80000001	81000001
1515	8	81000001	82000001
1516	8	82000001	83000001
1517	8	83000001	84000001
1518	8	84000001	85000001
1519	8	85000001	86000001
1520	8	86000001	87000001
1521	8	87000001	88000001
1522	8	88000001	89000001
1523	8	89000001	90000001
1524	8	90000001	91000001
1525	8	91000001	92000001
1526	8	92000001	93000001
1527	8	93000001	94000001
1528	8	94000001	95000001
1529	8	95000001	96000001
1530	8	96000001	97000001
1531	8	97000001	98000001
1532	8	98000001	99000001
1533	8	99000001	100000001
1534	8	100000001	101000001
1535	8	101000001	102000001
1536	8	102000001	103000001
1537	8	103000001	104000001
1538	8	104000001	105000001
1539	8	105000001	106000001
1540	8	106000001	107000001
1541	8	107000001	108000001
1542	8	108000001	109000001
1543	8	109000001	110000001
1544	8	110000001	111000001
1545	8	111000001	112000001
1546	8	112000001	113000001
1547	8	113000001	114000001
1548	8	114000001	115000001
1549	8	115000001	116000001
1550	8	116000001	117000001
1551	8	117000001	118000001
1552	8	118000001	119000001
1553	8	119000001	120000001
1554	8	120000001	121000001
1555	8	121000001	122000001
1556	8	122000001	123000001
1557	8	123000001	124000001
1558	8	124000001	125000001
1559	8	125000001	126000001
1560	8	126000001	127000001
1561	8	127000001	128000001
1562	8	128000001	129000001
1563	8	129000001	130000001
1564	8	130000001	131000001
1565	8	131000001	132000001
1566	8	132000001	133000001
1567	8	133000001	134000001
1568	8	134000001	135000001
1569	8	135000001	136000001
1570	8	136000001	137000001
1571	8	137000001	138000001
1572	8	138000001	139000001
1573	8	139000001	140000001
1574	8	140000001	141000001
1575	8	141000001	142000001
1576	8	142000001	143000001
1577	8	143000001	144000001
1578	8	144000001	145000001
1579	8	145000001	146000001
1580	8	146000001	142000001
1581	8	142000001	143000001
1582	8	143000001	144000001
1583	8	144000001	145000001
1584	8	145000001	146000001
1585	8	146000001	147000001
1586	9	1	1000001
1587	9	1000001	2000001
1588	9	2000001	3000001
1589	9	3000001	4000001
1590	9	4000001	5000001
1591	9	5000001	6000001
1592	9	6000001	7000001
1593	9	7000001	8000001
1594	9	8000001	9000001
1595	9	9000001	10000001
1596	9	10000001	11000001
1597	9	11000001	12000001
1598	9	12000001	13000001
1599	9	13000001	14000001
1600	9	14000001	15000001
1601	9	15000001	16000001
1602	9	16000001	17000001
1603	9	17000001	18000001
1604	9	18000001	19000001
1605	9	19000001	20000001
1606	9	20000001	21000001
1607	9	21000001	22000001
1608	9	22000001	23000001
1609	9	23000001	24000001
1610	9	24000001	25000001
1611	9	25000001	26000001
1612	9	26000001	27000001
1613	9	27000001	28000001
1614	9	28000001	29000001
1615	9	29000001	30000001
1616	9	30000001	31000001
1617	9	31000001	32000001
1618	9	32000001	33000001
1619	9	33000001	34000001
1620	9	34000001	35000001
1621	9	35000001	36000001
1622	9	36000001	37000001
1623	9	37000001	38000001
1624	9	38000001	39000001
1625	9	39000001	40000001
1626	9	40000001	41000001
1627	9	41000001	42000001
1628	9	42000001	43000001
1629	9	43000001	44000001
1630	9	44000001	45000001
1631	9	45000001	46000001
1632	9	46000001	47000001
1633	9	47000001	48000001
1634	9	48000001	49000001
1635	9	49000001	50000001
1636	9	50000001	51000001
1637	9	51000001	52000001
1638	9	52000001	53000001
1639	9	53000001	54000001
1640	9	54000001	55000001
1641	9	55000001	56000001
1642	9	56000001	57000001
1643	9	57000001	58000001
1644	9	58000001	59000001
1645	9	59000001	60000001
1646	9	60000001	61000001
1647	9	61000001	62000001
1648	9	62000001	63000001
1649	9	63000001	64000001
1650	9	64000001	65000001
1651	9	65000001	66000001
1652	9	66000001	67000001
1653	9	67000001	68000001
1654	9	68000001	69000001
1655	9	69000001	70000001
1656	9	70000001	71000001
1657	9	71000001	72000001
1658	9	72000001	73000001
1659	9	73000001	74000001
1660	9	74000001	75000001
1661	9	75000001	76000001
1662	9	76000001	77000001
1663	9	77000001	78000001
1664	9	78000001	79000001
1665	9	79000001	80000001
1666	9	80000001	81000001
1667	9	81000001	82000001
1668	9	82000001	83000001
1669	9	83000001	84000001
1670	9	84000001	85000001
1671	9	85000001	86000001
1672	9	86000001	87000001
1673	9	87000001	88000001
1674	9	88000001	89000001
1675	9	89000001	90000001
1676	9	90000001	91000001
1677	9	91000001	92000001
1678	9	92000001	93000001
1679	9	93000001	94000001
1680	9	94000001	95000001
1681	9	95000001	96000001
1682	9	96000001	97000001
1683	9	97000001	98000001
1684	9	98000001	99000001
1685	9	99000001	100000001
1686	9	100000001	101000001
1687	9	101000001	102000001
1688	9	102000001	103000001
1689	9	103000001	104000001
1690	9	104000001	105000001
1691	9	105000001	106000001
1692	9	106000001	107000001
1693	9	107000001	108000001
1694	9	108000001	109000001
1695	9	109000001	110000001
1696	9	110000001	111000001
1697	9	111000001	112000001
1698	9	112000001	113000001
1699	9	113000001	114000001
1700	9	114000001	115000001
1701	9	115000001	116000001
1702	9	116000001	117000001
1703	9	117000001	118000001
1704	9	118000001	119000001
1705	9	119000001	120000001
1706	9	120000001	121000001
1707	9	121000001	122000001
1708	9	122000001	123000001
1709	9	123000001	124000001
1710	9	124000001	125000001
1711	9	125000001	126000001
1712	9	126000001	127000001
1713	9	127000001	128000001
1714	9	128000001	129000001
1715	9	129000001	130000001
1716	9	130000001	131000001
1717	9	131000001	132000001
1718	9	132000001	133000001
1719	9	133000001	134000001
1720	9	134000001	135000001
1721	9	135000001	136000001
1722	9	136000001	137000001
1723	9	137000001	138000001
1724	9	138000001	139000001
1725	9	139000001	140000001
1726	9	140000001	141000001
1727	9	141000001	137000001
1728	9	137000001	138000001
1729	9	138000001	139000001
1730	9	139000001	140000001
1731	9	140000001	141000001
1732	9	141000001	142000001
1733	10	1	1000001
1734	10	1000001	2000001
1735	10	2000001	3000001
1736	10	3000001	4000001
1737	10	4000001	5000001
1738	10	5000001	6000001
1739	10	6000001	7000001
1740	10	7000001	8000001
1741	10	8000001	9000001
1742	10	9000001	10000001
1743	10	10000001	11000001
1744	10	11000001	12000001
1745	10	12000001	13000001
1746	10	13000001	14000001
1747	10	14000001	15000001
1748	10	15000001	16000001
1749	10	16000001	17000001
1750	10	17000001	18000001
1751	10	18000001	19000001
1752	10	19000001	20000001
1753	10	20000001	21000001
1754	10	21000001	22000001
1755	10	22000001	23000001
1756	10	23000001	24000001
1757	10	24000001	25000001
1758	10	25000001	26000001
1759	10	26000001	27000001
1760	10	27000001	28000001
1761	10	28000001	29000001
1762	10	29000001	30000001
1763	10	30000001	31000001
1764	10	31000001	32000001
1765	10	32000001	33000001
1766	10	33000001	34000001
1767	10	34000001	35000001
1768	10	35000001	36000001
1769	10	36000001	37000001
1770	10	37000001	38000001
1771	10	38000001	39000001
1772	10	39000001	40000001
1773	10	40000001	41000001
1774	10	41000001	42000001
1775	10	42000001	43000001
1776	10	43000001	44000001
1777	10	44000001	45000001
1778	10	45000001	46000001
1779	10	46000001	47000001
1780	10	47000001	48000001
1781	10	48000001	49000001
1782	10	49000001	50000001
1783	10	50000001	51000001
1784	10	51000001	52000001
1785	10	52000001	53000001
1786	10	53000001	54000001
1787	10	54000001	55000001
1788	10	55000001	56000001
1789	10	56000001	57000001
1790	10	57000001	58000001
1791	10	58000001	59000001
1792	10	59000001	60000001
1793	10	60000001	61000001
1794	10	61000001	62000001
1795	10	62000001	63000001
1796	10	63000001	64000001
1797	10	64000001	65000001
1798	10	65000001	66000001
1799	10	66000001	67000001
1800	10	67000001	68000001
1801	10	68000001	69000001
1802	10	69000001	70000001
1803	10	70000001	71000001
1804	10	71000001	72000001
1805	10	72000001	73000001
1806	10	73000001	74000001
1807	10	74000001	75000001
1808	10	75000001	76000001
1809	10	76000001	77000001
1810	10	77000001	78000001
1811	10	78000001	79000001
1812	10	79000001	80000001
1813	10	80000001	81000001
1814	10	81000001	82000001
1815	10	82000001	83000001
1816	10	83000001	84000001
1817	10	84000001	85000001
1818	10	85000001	86000001
1819	10	86000001	87000001
1820	10	87000001	88000001
1821	10	88000001	89000001
1822	10	89000001	90000001
1823	10	90000001	91000001
1824	10	91000001	92000001
1825	10	92000001	93000001
1826	10	93000001	94000001
1827	10	94000001	95000001
1828	10	95000001	96000001
1829	10	96000001	97000001
1830	10	97000001	98000001
1831	10	98000001	99000001
1832	10	99000001	100000001
1833	10	100000001	101000001
1834	10	101000001	102000001
1835	10	102000001	103000001
1836	10	103000001	104000001
1837	10	104000001	105000001
1838	10	105000001	106000001
1839	10	106000001	107000001
1840	10	107000001	108000001
1841	10	108000001	109000001
1842	10	109000001	110000001
1843	10	110000001	111000001
1844	10	111000001	112000001
1845	10	112000001	113000001
1846	10	113000001	114000001
1847	10	114000001	115000001
1848	10	115000001	116000001
1849	10	116000001	117000001
1850	10	117000001	118000001
1851	10	118000001	119000001
1852	10	119000001	120000001
1853	10	120000001	121000001
1854	10	121000001	122000001
1855	10	122000001	123000001
1856	10	123000001	124000001
1857	10	124000001	125000001
1858	10	125000001	126000001
1859	10	126000001	127000001
1860	10	127000001	128000001
1861	10	128000001	129000001
1862	10	129000001	130000001
1863	10	130000001	131000001
1864	10	131000001	132000001
1865	10	132000001	133000001
1866	10	133000001	134000001
1867	10	134000001	135000001
1868	10	135000001	131000001
1869	10	131000001	132000001
1870	10	132000001	133000001
1871	10	133000001	134000001
1872	10	134000001	135000001
1873	10	135000001	136000001
1874	11	1	1000001
1875	11	1000001	2000001
1876	11	2000001	3000001
1877	11	3000001	4000001
1878	11	4000001	5000001
1879	11	5000001	6000001
1880	11	6000001	7000001
1881	11	7000001	8000001
1882	11	8000001	9000001
1883	11	9000001	10000001
1884	11	10000001	11000001
1885	11	11000001	12000001
1886	11	12000001	13000001
1887	11	13000001	14000001
1888	11	14000001	15000001
1889	11	15000001	16000001
1890	11	16000001	17000001
1891	11	17000001	18000001
1892	11	18000001	19000001
1893	11	19000001	20000001
1894	11	20000001	21000001
1895	11	21000001	22000001
1896	11	22000001	23000001
1897	11	23000001	24000001
1898	11	24000001	25000001
1899	11	25000001	26000001
1900	11	26000001	27000001
1901	11	27000001	28000001
1902	11	28000001	29000001
1903	11	29000001	30000001
1904	11	30000001	31000001
1905	11	31000001	32000001
1906	11	32000001	33000001
1907	11	33000001	34000001
1908	11	34000001	35000001
1909	11	35000001	36000001
1910	11	36000001	37000001
1911	11	37000001	38000001
1912	11	38000001	39000001
1913	11	39000001	40000001
1914	11	40000001	41000001
1915	11	41000001	42000001
1916	11	42000001	43000001
1917	11	43000001	44000001
1918	11	44000001	45000001
1919	11	45000001	46000001
1920	11	46000001	47000001
1921	11	47000001	48000001
1922	11	48000001	49000001
1923	11	49000001	50000001
1924	11	50000001	51000001
1925	11	51000001	52000001
1926	11	52000001	53000001
1927	11	53000001	54000001
1928	11	54000001	55000001
1929	11	55000001	56000001
1930	11	56000001	57000001
1931	11	57000001	58000001
1932	11	58000001	59000001
1933	11	59000001	60000001
1934	11	60000001	61000001
1935	11	61000001	62000001
1936	11	62000001	63000001
1937	11	63000001	64000001
1938	11	64000001	65000001
1939	11	65000001	66000001
1940	11	66000001	67000001
1941	11	67000001	68000001
1942	11	68000001	69000001
1943	11	69000001	70000001
1944	11	70000001	71000001
1945	11	71000001	72000001
1946	11	72000001	73000001
1947	11	73000001	74000001
1948	11	74000001	75000001
1949	11	75000001	76000001
1950	11	76000001	77000001
1951	11	77000001	78000001
1952	11	78000001	79000001
1953	11	79000001	80000001
1954	11	80000001	81000001
1955	11	81000001	82000001
1956	11	82000001	83000001
1957	11	83000001	84000001
1958	11	84000001	85000001
1959	11	85000001	86000001
1960	11	86000001	87000001
1961	11	87000001	88000001
1962	11	88000001	89000001
1963	11	89000001	90000001
1964	11	90000001	91000001
1965	11	91000001	92000001
1966	11	92000001	93000001
1967	11	93000001	94000001
1968	11	94000001	95000001
1969	11	95000001	96000001
1970	11	96000001	97000001
1971	11	97000001	98000001
1972	11	98000001	99000001
1973	11	99000001	100000001
1974	11	100000001	101000001
1975	11	101000001	102000001
1976	11	102000001	103000001
1977	11	103000001	104000001
1978	11	104000001	105000001
1979	11	105000001	106000001
1980	11	106000001	107000001
1981	11	107000001	108000001
1982	11	108000001	109000001
1983	11	109000001	110000001
1984	11	110000001	111000001
1985	11	111000001	112000001
1986	11	112000001	113000001
1987	11	113000001	114000001
1988	11	114000001	115000001
1989	11	115000001	116000001
1990	11	116000001	117000001
1991	11	117000001	118000001
1992	11	118000001	119000001
1993	11	119000001	120000001
1994	11	120000001	121000001
1995	11	121000001	122000001
1996	11	122000001	123000001
1997	11	123000001	124000001
1998	11	124000001	125000001
1999	11	125000001	126000001
2000	11	126000001	127000001
2001	11	127000001	128000001
2002	11	128000001	129000001
2003	11	129000001	130000001
2004	11	130000001	131000001
2005	11	131000001	132000001
2006	11	132000001	133000001
2007	11	133000001	134000001
2008	11	134000001	135000001
2009	11	135000001	131000001
2010	11	131000001	132000001
2011	11	132000001	133000001
2012	11	133000001	134000001
2013	11	134000001	135000001
2014	11	135000001	136000001
2015	12	1	1000001
2016	12	1000001	2000001
2017	12	2000001	3000001
2018	12	3000001	4000001
2019	12	4000001	5000001
2020	12	5000001	6000001
2021	12	6000001	7000001
2022	12	7000001	8000001
2023	12	8000001	9000001
2024	12	9000001	10000001
2025	12	10000001	11000001
2026	12	11000001	12000001
2027	12	12000001	13000001
2028	12	13000001	14000001
2029	12	14000001	15000001
2030	12	15000001	16000001
2031	12	16000001	17000001
2032	12	17000001	18000001
2033	12	18000001	19000001
2034	12	19000001	20000001
2035	12	20000001	21000001
2036	12	21000001	22000001
2037	12	22000001	23000001
2038	12	23000001	24000001
2039	12	24000001	25000001
2040	12	25000001	26000001
2041	12	26000001	27000001
2042	12	27000001	28000001
2043	12	28000001	29000001
2044	12	29000001	30000001
2045	12	30000001	31000001
2046	12	31000001	32000001
2047	12	32000001	33000001
2048	12	33000001	34000001
2049	12	34000001	35000001
2050	12	35000001	36000001
2051	12	36000001	37000001
2052	12	37000001	38000001
2053	12	38000001	39000001
2054	12	39000001	40000001
2055	12	40000001	41000001
2056	12	41000001	42000001
2057	12	42000001	43000001
2058	12	43000001	44000001
2059	12	44000001	45000001
2060	12	45000001	46000001
2061	12	46000001	47000001
2062	12	47000001	48000001
2063	12	48000001	49000001
2064	12	49000001	50000001
2065	12	50000001	51000001
2066	12	51000001	52000001
2067	12	52000001	53000001
2068	12	53000001	54000001
2069	12	54000001	55000001
2070	12	55000001	56000001
2071	12	56000001	57000001
2072	12	57000001	58000001
2073	12	58000001	59000001
2074	12	59000001	60000001
2075	12	60000001	61000001
2076	12	61000001	62000001
2077	12	62000001	63000001
2078	12	63000001	64000001
2079	12	64000001	65000001
2080	12	65000001	66000001
2081	12	66000001	67000001
2082	12	67000001	68000001
2083	12	68000001	69000001
2084	12	69000001	70000001
2085	12	70000001	71000001
2086	12	71000001	72000001
2087	12	72000001	73000001
2088	12	73000001	74000001
2089	12	74000001	75000001
2090	12	75000001	76000001
2091	12	76000001	77000001
2092	12	77000001	78000001
2093	12	78000001	79000001
2094	12	79000001	80000001
2095	12	80000001	81000001
2096	12	81000001	82000001
2097	12	82000001	83000001
2098	12	83000001	84000001
2099	12	84000001	85000001
2100	12	85000001	86000001
2101	12	86000001	87000001
2102	12	87000001	88000001
2103	12	88000001	89000001
2104	12	89000001	90000001
2105	12	90000001	91000001
2106	12	91000001	92000001
2107	12	92000001	93000001
2108	12	93000001	94000001
2109	12	94000001	95000001
2110	12	95000001	96000001
2111	12	96000001	97000001
2112	12	97000001	98000001
2113	12	98000001	99000001
2114	12	99000001	100000001
2115	12	100000001	101000001
2116	12	101000001	102000001
2117	12	102000001	103000001
2118	12	103000001	104000001
2119	12	104000001	105000001
2120	12	105000001	106000001
2121	12	106000001	107000001
2122	12	107000001	108000001
2123	12	108000001	109000001
2124	12	109000001	110000001
2125	12	110000001	111000001
2126	12	111000001	112000001
2127	12	112000001	113000001
2128	12	113000001	114000001
2129	12	114000001	115000001
2130	12	115000001	116000001
2131	12	116000001	117000001
2132	12	117000001	118000001
2133	12	118000001	119000001
2134	12	119000001	120000001
2135	12	120000001	121000001
2136	12	121000001	122000001
2137	12	122000001	123000001
2138	12	123000001	124000001
2139	12	124000001	125000001
2140	12	125000001	126000001
2141	12	126000001	127000001
2142	12	127000001	128000001
2143	12	128000001	129000001
2144	12	129000001	130000001
2145	12	130000001	131000001
2146	12	131000001	132000001
2147	12	132000001	133000001
2148	12	133000001	129000001
2149	12	129000001	130000001
2150	12	130000001	131000001
2151	12	131000001	132000001
2152	12	132000001	133000001
2153	12	133000001	134000001
2154	13	1	1000001
2155	13	1000001	2000001
2156	13	2000001	3000001
2157	13	3000001	4000001
2158	13	4000001	5000001
2159	13	5000001	6000001
2160	13	6000001	7000001
2161	13	7000001	8000001
2162	13	8000001	9000001
2163	13	9000001	10000001
2164	13	10000001	11000001
2165	13	11000001	12000001
2166	13	12000001	13000001
2167	13	13000001	14000001
2168	13	14000001	15000001
2169	13	15000001	16000001
2170	13	16000001	17000001
2171	13	17000001	18000001
2172	13	18000001	19000001
2173	13	19000001	20000001
2174	13	20000001	21000001
2175	13	21000001	22000001
2176	13	22000001	23000001
2177	13	23000001	24000001
2178	13	24000001	25000001
2179	13	25000001	26000001
2180	13	26000001	27000001
2181	13	27000001	28000001
2182	13	28000001	29000001
2183	13	29000001	30000001
2184	13	30000001	31000001
2185	13	31000001	32000001
2186	13	32000001	33000001
2187	13	33000001	34000001
2188	13	34000001	35000001
2189	13	35000001	36000001
2190	13	36000001	37000001
2191	13	37000001	38000001
2192	13	38000001	39000001
2193	13	39000001	40000001
2194	13	40000001	41000001
2195	13	41000001	42000001
2196	13	42000001	43000001
2197	13	43000001	44000001
2198	13	44000001	45000001
2199	13	45000001	46000001
2200	13	46000001	47000001
2201	13	47000001	48000001
2202	13	48000001	49000001
2203	13	49000001	50000001
2204	13	50000001	51000001
2205	13	51000001	52000001
2206	13	52000001	53000001
2207	13	53000001	54000001
2208	13	54000001	55000001
2209	13	55000001	56000001
2210	13	56000001	57000001
2211	13	57000001	58000001
2212	13	58000001	59000001
2213	13	59000001	60000001
2214	13	60000001	61000001
2215	13	61000001	62000001
2216	13	62000001	63000001
2217	13	63000001	64000001
2218	13	64000001	65000001
2219	13	65000001	66000001
2220	13	66000001	67000001
2221	13	67000001	68000001
2222	13	68000001	69000001
2223	13	69000001	70000001
2224	13	70000001	71000001
2225	13	71000001	72000001
2226	13	72000001	73000001
2227	13	73000001	74000001
2228	13	74000001	75000001
2229	13	75000001	76000001
2230	13	76000001	77000001
2231	13	77000001	78000001
2232	13	78000001	79000001
2233	13	79000001	80000001
2234	13	80000001	81000001
2235	13	81000001	82000001
2236	13	82000001	83000001
2237	13	83000001	84000001
2238	13	84000001	85000001
2239	13	85000001	86000001
2240	13	86000001	87000001
2241	13	87000001	88000001
2242	13	88000001	89000001
2243	13	89000001	90000001
2244	13	90000001	91000001
2245	13	91000001	92000001
2246	13	92000001	93000001
2247	13	93000001	94000001
2248	13	94000001	95000001
2249	13	95000001	96000001
2250	13	96000001	97000001
2251	13	97000001	98000001
2252	13	98000001	99000001
2253	13	99000001	100000001
2254	13	100000001	101000001
2255	13	101000001	102000001
2256	13	102000001	103000001
2257	13	103000001	104000001
2258	13	104000001	105000001
2259	13	105000001	106000001
2260	13	106000001	107000001
2261	13	107000001	108000001
2262	13	108000001	109000001
2263	13	109000001	110000001
2264	13	110000001	111000001
2265	13	111000001	112000001
2266	13	112000001	113000001
2267	13	113000001	114000001
2268	13	114000001	115000001
2269	13	115000001	111000001
2270	13	111000001	112000001
2271	13	112000001	113000001
2272	13	113000001	114000001
2273	13	114000001	115000001
2274	13	115000001	116000001
2275	14	1	1000001
2276	14	1000001	2000001
2277	14	2000001	3000001
2278	14	3000001	4000001
2279	14	4000001	5000001
2280	14	5000001	6000001
2281	14	6000001	7000001
2282	14	7000001	8000001
2283	14	8000001	9000001
2284	14	9000001	10000001
2285	14	10000001	11000001
2286	14	11000001	12000001
2287	14	12000001	13000001
2288	14	13000001	14000001
2289	14	14000001	15000001
2290	14	15000001	16000001
2291	14	16000001	17000001
2292	14	17000001	18000001
2293	14	18000001	19000001
2294	14	19000001	20000001
2295	14	20000001	21000001
2296	14	21000001	22000001
2297	14	22000001	23000001
2298	14	23000001	24000001
2299	14	24000001	25000001
2300	14	25000001	26000001
2301	14	26000001	27000001
2302	14	27000001	28000001
2303	14	28000001	29000001
2304	14	29000001	30000001
2305	14	30000001	31000001
2306	14	31000001	32000001
2307	14	32000001	33000001
2308	14	33000001	34000001
2309	14	34000001	35000001
2310	14	35000001	36000001
2311	14	36000001	37000001
2312	14	37000001	38000001
2313	14	38000001	39000001
2314	14	39000001	40000001
2315	14	40000001	41000001
2316	14	41000001	42000001
2317	14	42000001	43000001
2318	14	43000001	44000001
2319	14	44000001	45000001
2320	14	45000001	46000001
2321	14	46000001	47000001
2322	14	47000001	48000001
2323	14	48000001	49000001
2324	14	49000001	50000001
2325	14	50000001	51000001
2326	14	51000001	52000001
2327	14	52000001	53000001
2328	14	53000001	54000001
2329	14	54000001	55000001
2330	14	55000001	56000001
2331	14	56000001	57000001
2332	14	57000001	58000001
2333	14	58000001	59000001
2334	14	59000001	60000001
2335	14	60000001	61000001
2336	14	61000001	62000001
2337	14	62000001	63000001
2338	14	63000001	64000001
2339	14	64000001	65000001
2340	14	65000001	66000001
2341	14	66000001	67000001
2342	14	67000001	68000001
2343	14	68000001	69000001
2344	14	69000001	70000001
2345	14	70000001	71000001
2346	14	71000001	72000001
2347	14	72000001	73000001
2348	14	73000001	74000001
2349	14	74000001	75000001
2350	14	75000001	76000001
2351	14	76000001	77000001
2352	14	77000001	78000001
2353	14	78000001	79000001
2354	14	79000001	80000001
2355	14	80000001	81000001
2356	14	81000001	82000001
2357	14	82000001	83000001
2358	14	83000001	84000001
2359	14	84000001	85000001
2360	14	85000001	86000001
2361	14	86000001	87000001
2362	14	87000001	88000001
2363	14	88000001	89000001
2364	14	89000001	90000001
2365	14	90000001	91000001
2366	14	91000001	92000001
2367	14	92000001	93000001
2368	14	93000001	94000001
2369	14	94000001	95000001
2370	14	95000001	96000001
2371	14	96000001	97000001
2372	14	97000001	98000001
2373	14	98000001	99000001
2374	14	99000001	100000001
2375	14	100000001	101000001
2376	14	101000001	102000001
2377	14	102000001	103000001
2378	14	103000001	104000001
2379	14	104000001	105000001
2380	14	105000001	106000001
2381	14	106000001	107000001
2382	14	107000001	103000001
2383	14	103000001	104000001
2384	14	104000001	105000001
2385	14	105000001	106000001
2386	14	106000001	107000001
2387	14	107000001	108000001
2388	15	1	1000001
2389	15	1000001	2000001
2390	15	2000001	3000001
2391	15	3000001	4000001
2392	15	4000001	5000001
2393	15	5000001	6000001
2394	15	6000001	7000001
2395	15	7000001	8000001
2396	15	8000001	9000001
2397	15	9000001	10000001
2398	15	10000001	11000001
2399	15	11000001	12000001
2400	15	12000001	13000001
2401	15	13000001	14000001
2402	15	14000001	15000001
2403	15	15000001	16000001
2404	15	16000001	17000001
2405	15	17000001	18000001
2406	15	18000001	19000001
2407	15	19000001	20000001
2408	15	20000001	21000001
2409	15	21000001	22000001
2410	15	22000001	23000001
2411	15	23000001	24000001
2412	15	24000001	25000001
2413	15	25000001	26000001
2414	15	26000001	27000001
2415	15	27000001	28000001
2416	15	28000001	29000001
2417	15	29000001	30000001
2418	15	30000001	31000001
2419	15	31000001	32000001
2420	15	32000001	33000001
2421	15	33000001	34000001
2422	15	34000001	35000001
2423	15	35000001	36000001
2424	15	36000001	37000001
2425	15	37000001	38000001
2426	15	38000001	39000001
2427	15	39000001	40000001
2428	15	40000001	41000001
2429	15	41000001	42000001
2430	15	42000001	43000001
2431	15	43000001	44000001
2432	15	44000001	45000001
2433	15	45000001	46000001
2434	15	46000001	47000001
2435	15	47000001	48000001
2436	15	48000001	49000001
2437	15	49000001	50000001
2438	15	50000001	51000001
2439	15	51000001	52000001
2440	15	52000001	53000001
2441	15	53000001	54000001
2442	15	54000001	55000001
2443	15	55000001	56000001
2444	15	56000001	57000001
2445	15	57000001	58000001
2446	15	58000001	59000001
2447	15	59000001	60000001
2448	15	60000001	61000001
2449	15	61000001	62000001
2450	15	62000001	63000001
2451	15	63000001	64000001
2452	15	64000001	65000001
2453	15	65000001	66000001
2454	15	66000001	67000001
2455	15	67000001	68000001
2456	15	68000001	69000001
2457	15	69000001	70000001
2458	15	70000001	71000001
2459	15	71000001	72000001
2460	15	72000001	73000001
2461	15	73000001	74000001
2462	15	74000001	75000001
2463	15	75000001	76000001
2464	15	76000001	77000001
2465	15	77000001	78000001
2466	15	78000001	79000001
2467	15	79000001	80000001
2468	15	80000001	81000001
2469	15	81000001	82000001
2470	15	82000001	83000001
2471	15	83000001	84000001
2472	15	84000001	85000001
2473	15	85000001	86000001
2474	15	86000001	87000001
2475	15	87000001	88000001
2476	15	88000001	89000001
2477	15	89000001	90000001
2478	15	90000001	91000001
2479	15	91000001	92000001
2480	15	92000001	93000001
2481	15	93000001	94000001
2482	15	94000001	95000001
2483	15	95000001	96000001
2484	15	96000001	97000001
2485	15	97000001	98000001
2486	15	98000001	99000001
2487	15	99000001	100000001
2488	15	100000001	101000001
2489	15	101000001	102000001
2490	15	102000001	98000001
2491	15	98000001	99000001
2492	15	99000001	100000001
2493	15	100000001	101000001
2494	15	101000001	102000001
2495	15	102000001	103000001
2496	16	1	1000001
2497	16	1000001	2000001
2498	16	2000001	3000001
2499	16	3000001	4000001
2500	16	4000001	5000001
2501	16	5000001	6000001
2502	16	6000001	7000001
2503	16	7000001	8000001
2504	16	8000001	9000001
2505	16	9000001	10000001
2506	16	10000001	11000001
2507	16	11000001	12000001
2508	16	12000001	13000001
2509	16	13000001	14000001
2510	16	14000001	15000001
2511	16	15000001	16000001
2512	16	16000001	17000001
2513	16	17000001	18000001
2514	16	18000001	19000001
2515	16	19000001	20000001
2516	16	20000001	21000001
2517	16	21000001	22000001
2518	16	22000001	23000001
2519	16	23000001	24000001
2520	16	24000001	25000001
2521	16	25000001	26000001
2522	16	26000001	27000001
2523	16	27000001	28000001
2524	16	28000001	29000001
2525	16	29000001	30000001
2526	16	30000001	31000001
2527	16	31000001	32000001
2528	16	32000001	33000001
2529	16	33000001	34000001
2530	16	34000001	35000001
2531	16	35000001	36000001
2532	16	36000001	37000001
2533	16	37000001	38000001
2534	16	38000001	39000001
2535	16	39000001	40000001
2536	16	40000001	41000001
2537	16	41000001	42000001
2538	16	42000001	43000001
2539	16	43000001	44000001
2540	16	44000001	45000001
2541	16	45000001	46000001
2542	16	46000001	47000001
2543	16	47000001	48000001
2544	16	48000001	49000001
2545	16	49000001	50000001
2546	16	50000001	51000001
2547	16	51000001	52000001
2548	16	52000001	53000001
2549	16	53000001	54000001
2550	16	54000001	55000001
2551	16	55000001	56000001
2552	16	56000001	57000001
2553	16	57000001	58000001
2554	16	58000001	59000001
2555	16	59000001	60000001
2556	16	60000001	61000001
2557	16	61000001	62000001
2558	16	62000001	63000001
2559	16	63000001	64000001
2560	16	64000001	65000001
2561	16	65000001	66000001
2562	16	66000001	67000001
2563	16	67000001	68000001
2564	16	68000001	69000001
2565	16	69000001	70000001
2566	16	70000001	71000001
2567	16	71000001	72000001
2568	16	72000001	73000001
2569	16	73000001	74000001
2570	16	74000001	75000001
2571	16	75000001	76000001
2572	16	76000001	77000001
2573	16	77000001	78000001
2574	16	78000001	79000001
2575	16	79000001	80000001
2576	16	80000001	81000001
2577	16	81000001	82000001
2578	16	82000001	83000001
2579	16	83000001	84000001
2580	16	84000001	85000001
2581	16	85000001	86000001
2582	16	86000001	87000001
2583	16	87000001	88000001
2584	16	88000001	89000001
2585	16	89000001	90000001
2586	16	90000001	86000001
2587	16	86000001	87000001
2588	16	87000001	88000001
2589	16	88000001	89000001
2590	16	89000001	90000001
2591	16	90000001	91000001
2592	17	1	1000001
2593	17	1000001	2000001
2594	17	2000001	3000001
2595	17	3000001	4000001
2596	17	4000001	5000001
2597	17	5000001	6000001
2598	17	6000001	7000001
2599	17	7000001	8000001
2600	17	8000001	9000001
2601	17	9000001	10000001
2602	17	10000001	11000001
2603	17	11000001	12000001
2604	17	12000001	13000001
2605	17	13000001	14000001
2606	17	14000001	15000001
2607	17	15000001	16000001
2608	17	16000001	17000001
2609	17	17000001	18000001
2610	17	18000001	19000001
2611	17	19000001	20000001
2612	17	20000001	21000001
2613	17	21000001	22000001
2614	17	22000001	23000001
2615	17	23000001	24000001
2616	17	24000001	25000001
2617	17	25000001	26000001
2618	17	26000001	27000001
2619	17	27000001	28000001
2620	17	28000001	29000001
2621	17	29000001	30000001
2622	17	30000001	31000001
2623	17	31000001	32000001
2624	17	32000001	33000001
2625	17	33000001	34000001
2626	17	34000001	35000001
2627	17	35000001	36000001
2628	17	36000001	37000001
2629	17	37000001	38000001
2630	17	38000001	39000001
2631	17	39000001	40000001
2632	17	40000001	41000001
2633	17	41000001	42000001
2634	17	42000001	43000001
2635	17	43000001	44000001
2636	17	44000001	45000001
2637	17	45000001	46000001
2638	17	46000001	47000001
2639	17	47000001	48000001
2640	17	48000001	49000001
2641	17	49000001	50000001
2642	17	50000001	51000001
2643	17	51000001	52000001
2644	17	52000001	53000001
2645	17	53000001	54000001
2646	17	54000001	55000001
2647	17	55000001	56000001
2648	17	56000001	57000001
2649	17	57000001	58000001
2650	17	58000001	59000001
2651	17	59000001	60000001
2652	17	60000001	61000001
2653	17	61000001	62000001
2654	17	62000001	63000001
2655	17	63000001	64000001
2656	17	64000001	65000001
2657	17	65000001	66000001
2658	17	66000001	67000001
2659	17	67000001	68000001
2660	17	68000001	69000001
2661	17	69000001	70000001
2662	17	70000001	71000001
2663	17	71000001	72000001
2664	17	72000001	73000001
2665	17	73000001	74000001
2666	17	74000001	75000001
2667	17	75000001	76000001
2668	17	76000001	77000001
2669	17	77000001	78000001
2670	17	78000001	79000001
2671	17	79000001	80000001
2672	17	80000001	81000001
2673	17	81000001	77000001
2674	17	77000001	78000001
2675	17	78000001	79000001
2676	17	79000001	80000001
2677	17	80000001	81000001
2678	17	81000001	82000001
2679	18	1	1000001
2680	18	1000001	2000001
2681	18	2000001	3000001
2682	18	3000001	4000001
2683	18	4000001	5000001
2684	18	5000001	6000001
2685	18	6000001	7000001
2686	18	7000001	8000001
2687	18	8000001	9000001
2688	18	9000001	10000001
2689	18	10000001	11000001
2690	18	11000001	12000001
2691	18	12000001	13000001
2692	18	13000001	14000001
2693	18	14000001	15000001
2694	18	15000001	16000001
2695	18	16000001	17000001
2696	18	17000001	18000001
2697	18	18000001	19000001
2698	18	19000001	20000001
2699	18	20000001	21000001
2700	18	21000001	22000001
2701	18	22000001	23000001
2702	18	23000001	24000001
2703	18	24000001	25000001
2704	18	25000001	26000001
2705	18	26000001	27000001
2706	18	27000001	28000001
2707	18	28000001	29000001
2708	18	29000001	30000001
2709	18	30000001	31000001
2710	18	31000001	32000001
2711	18	32000001	33000001
2712	18	33000001	34000001
2713	18	34000001	35000001
2714	18	35000001	36000001
2715	18	36000001	37000001
2716	18	37000001	38000001
2717	18	38000001	39000001
2718	18	39000001	40000001
2719	18	40000001	41000001
2720	18	41000001	42000001
2721	18	42000001	43000001
2722	18	43000001	44000001
2723	18	44000001	45000001
2724	18	45000001	46000001
2725	18	46000001	47000001
2726	18	47000001	48000001
2727	18	48000001	49000001
2728	18	49000001	50000001
2729	18	50000001	51000001
2730	18	51000001	52000001
2731	18	52000001	53000001
2732	18	53000001	54000001
2733	18	54000001	55000001
2734	18	55000001	56000001
2735	18	56000001	57000001
2736	18	57000001	58000001
2737	18	58000001	59000001
2738	18	59000001	60000001
2739	18	60000001	61000001
2740	18	61000001	62000001
2741	18	62000001	63000001
2742	18	63000001	64000001
2743	18	64000001	65000001
2744	18	65000001	66000001
2745	18	66000001	67000001
2746	18	67000001	68000001
2747	18	68000001	69000001
2748	18	69000001	70000001
2749	18	70000001	71000001
2750	18	71000001	72000001
2751	18	72000001	73000001
2752	18	73000001	74000001
2753	18	74000001	75000001
2754	18	75000001	76000001
2755	18	76000001	77000001
2756	18	77000001	78000001
2757	18	78000001	74000001
2758	18	74000001	75000001
2759	18	75000001	76000001
2760	18	76000001	77000001
2761	18	77000001	78000001
2762	18	78000001	79000001
2763	19	1	1000001
2764	19	1000001	2000001
2765	19	2000001	3000001
2766	19	3000001	4000001
2767	19	4000001	5000001
2768	19	5000001	6000001
2769	19	6000001	7000001
2770	19	7000001	8000001
2771	19	8000001	9000001
2772	19	9000001	10000001
2773	19	10000001	11000001
2774	19	11000001	12000001
2775	19	12000001	13000001
2776	19	13000001	14000001
2777	19	14000001	15000001
2778	19	15000001	16000001
2779	19	16000001	17000001
2780	19	17000001	18000001
2781	19	18000001	19000001
2782	19	19000001	20000001
2783	19	20000001	21000001
2784	19	21000001	22000001
2785	19	22000001	23000001
2786	19	23000001	24000001
2787	19	24000001	25000001
2788	19	25000001	26000001
2789	19	26000001	27000001
2790	19	27000001	28000001
2791	19	28000001	29000001
2792	19	29000001	30000001
2793	19	30000001	31000001
2794	19	31000001	32000001
2795	19	32000001	33000001
2796	19	33000001	34000001
2797	19	34000001	35000001
2798	19	35000001	36000001
2799	19	36000001	37000001
2800	19	37000001	38000001
2801	19	38000001	39000001
2802	19	39000001	40000001
2803	19	40000001	41000001
2804	19	41000001	42000001
2805	19	42000001	43000001
2806	19	43000001	44000001
2807	19	44000001	45000001
2808	19	45000001	46000001
2809	19	46000001	47000001
2810	19	47000001	48000001
2811	19	48000001	49000001
2812	19	49000001	50000001
2813	19	50000001	51000001
2814	19	51000001	52000001
2815	19	52000001	53000001
2816	19	53000001	54000001
2817	19	54000001	55000001
2818	19	55000001	56000001
2819	19	56000001	57000001
2820	19	57000001	58000001
2821	19	58000001	59000001
2822	19	59000001	55000001
2823	19	55000001	56000001
2824	19	56000001	57000001
2825	19	57000001	58000001
2826	19	58000001	59000001
2827	19	59000001	60000001
2828	20	1	1000001
2829	20	1000001	2000001
2830	20	2000001	3000001
2831	20	3000001	4000001
2832	20	4000001	5000001
2833	20	5000001	6000001
2834	20	6000001	7000001
2835	20	7000001	8000001
2836	20	8000001	9000001
2837	20	9000001	10000001
2838	20	10000001	11000001
2839	20	11000001	12000001
2840	20	12000001	13000001
2841	20	13000001	14000001
2842	20	14000001	15000001
2843	20	15000001	16000001
2844	20	16000001	17000001
2845	20	17000001	18000001
2846	20	18000001	19000001
2847	20	19000001	20000001
2848	20	20000001	21000001
2849	20	21000001	22000001
2850	20	22000001	23000001
2851	20	23000001	24000001
2852	20	24000001	25000001
2853	20	25000001	26000001
2854	20	26000001	27000001
2855	20	27000001	28000001
2856	20	28000001	29000001
2857	20	29000001	30000001
2858	20	30000001	31000001
2859	20	31000001	32000001
2860	20	32000001	33000001
2861	20	33000001	34000001
2862	20	34000001	35000001
2863	20	35000001	36000001
2864	20	36000001	37000001
2865	20	37000001	38000001
2866	20	38000001	39000001
2867	20	39000001	40000001
2868	20	40000001	41000001
2869	20	41000001	42000001
2870	20	42000001	43000001
2871	20	43000001	44000001
2872	20	44000001	45000001
2873	20	45000001	46000001
2874	20	46000001	47000001
2875	20	47000001	48000001
2876	20	48000001	49000001
2877	20	49000001	50000001
2878	20	50000001	51000001
2879	20	51000001	52000001
2880	20	52000001	53000001
2881	20	53000001	54000001
2882	20	54000001	55000001
2883	20	55000001	56000001
2884	20	56000001	57000001
2885	20	57000001	58000001
2886	20	58000001	59000001
2887	20	59000001	60000001
2888	20	60000001	61000001
2889	20	61000001	62000001
2890	20	62000001	63000001
2891	20	63000001	59000001
2892	20	59000001	60000001
2893	20	60000001	61000001
2894	20	61000001	62000001
2895	20	62000001	63000001
2896	20	63000001	64000001
2897	21	1	1000001
2898	21	1000001	2000001
2899	21	2000001	3000001
2900	21	3000001	4000001
2901	21	4000001	5000001
2902	21	5000001	6000001
2903	21	6000001	7000001
2904	21	7000001	8000001
2905	21	8000001	9000001
2906	21	9000001	10000001
2907	21	10000001	11000001
2908	21	11000001	12000001
2909	21	12000001	13000001
2910	21	13000001	14000001
2911	21	14000001	15000001
2912	21	15000001	16000001
2913	21	16000001	17000001
2914	21	17000001	18000001
2915	21	18000001	19000001
2916	21	19000001	20000001
2917	21	20000001	21000001
2918	21	21000001	22000001
2919	21	22000001	23000001
2920	21	23000001	24000001
2921	21	24000001	25000001
2922	21	25000001	26000001
2923	21	26000001	27000001
2924	21	27000001	28000001
2925	21	28000001	29000001
2926	21	29000001	30000001
2927	21	30000001	31000001
2928	21	31000001	32000001
2929	21	32000001	33000001
2930	21	33000001	34000001
2931	21	34000001	35000001
2932	21	35000001	36000001
2933	21	36000001	37000001
2934	21	37000001	38000001
2935	21	38000001	39000001
2936	21	39000001	40000001
2937	21	40000001	41000001
2938	21	41000001	42000001
2939	21	42000001	43000001
2940	21	43000001	44000001
2941	21	44000001	45000001
2942	21	45000001	46000001
2943	21	46000001	47000001
2944	21	47000001	48000001
2945	21	48000001	44000001
2946	21	44000001	45000001
2947	21	45000001	46000001
2948	21	46000001	47000001
2949	21	47000001	48000001
2950	21	48000001	49000001
2951	22	1	1000001
2952	22	1000001	2000001
2953	22	2000001	3000001
2954	22	3000001	4000001
2955	22	4000001	5000001
2956	22	5000001	6000001
2957	22	6000001	7000001
2958	22	7000001	8000001
2959	22	8000001	9000001
2960	22	9000001	10000001
2961	22	10000001	11000001
2962	22	11000001	12000001
2963	22	12000001	13000001
2964	22	13000001	14000001
2965	22	14000001	15000001
2966	22	15000001	16000001
2967	22	16000001	17000001
2968	22	17000001	18000001
2969	22	18000001	19000001
2970	22	19000001	20000001
2971	22	20000001	21000001
2972	22	21000001	22000001
2973	22	22000001	23000001
2974	22	23000001	24000001
2975	22	24000001	25000001
2976	22	25000001	26000001
2977	22	26000001	27000001
2978	22	27000001	28000001
2979	22	28000001	29000001
2980	22	29000001	30000001
2981	22	30000001	31000001
2982	22	31000001	32000001
2983	22	32000001	33000001
2984	22	33000001	34000001
2985	22	34000001	35000001
2986	22	35000001	36000001
2987	22	36000001	37000001
2988	22	37000001	38000001
2989	22	38000001	39000001
2990	22	39000001	40000001
2991	22	40000001	41000001
2992	22	41000001	42000001
2993	22	42000001	43000001
2994	22	43000001	44000001
2995	22	44000001	45000001
2996	22	45000001	46000001
2997	22	46000001	47000001
2998	22	47000001	48000001
2999	22	48000001	49000001
3000	22	49000001	50000001
3001	22	50000001	51000001
3002	22	51000001	47000001
3003	22	47000001	48000001
3004	22	48000001	49000001
3005	22	49000001	50000001
3006	22	50000001	51000001
3007	22	51000001	52000001
